0 3
1 1
2 5
3 0
4 2
5 1
6 3
7 2
8 2
9 1
10 2
11 3
12 3
13 2
14 3
15 3
16 3
17 1
18 3
19 3
20 0
21 2
22 1
23 0
24 5
25 1
26 2
27 4
28 1
29 2
30 2
31 1
32 1
33 5
34 3
35 0
36 2
37 1
38 0
39 0
40 2
41 0
42 0
43 2
44 1
45 2
46 2
47 3
48 4
49 3
50 3
51 1
52 3
53 1
54 2
55 3
56 0
57 1
58 2
59 2
60 1
61 5
62 2
63 1
64 4
65 5
66 2
67 0
68 1
69 1
70 1
71 3
72 0
73 0
74 1
75 2
76 1
77 1
78 1
79 2
80 1
81 1
82 4
83 0
84 1
85 2
86 2
87 0
88 3
89 4
90 3
91 2
92 2
93 0
94 0
95 1
96 0
97 2
98 2
99 1
100 0
101 3
102 2
103 2
104 2
105 1
106 2
107 2
108 1
109 3
110 6
111 1
112 3
113 2
114 1
115 3
116 1
117 1
118 1
119 3
120 1
121 2
122 1
123 3
124 1
125 3
126 2
127 3
128 1
129 3
130 2
131 1
132 3
133 8
134 1
135 0
136 1
137 1
138 2
139 2
140 2
141 2
142 5
143 1
144 3
145 3
146 0
147 0
148 3
149 0
150 3
151 0
152 3
153 1
154 1
155 1
156 2
157 1
158 1
159 2
160 0
161 0
162 3
163 1
164 4
165 3
166 2
167 1
168 6
169 2
170 3
171 3
172 1
173 2
174 1
175 1
176 1
177 0
178 4
179 3
180 2
181 0
182 1
183 0
184 2
185 5
186 2
187 2
188 4
189 1
190 2
191 3
192 3
193 2
194 1
195 3
196 2
197 0
198 1
199 4
200 3
201 2
202 2
203 0
204 0
205 5
206 0
207 0
208 1
209 2
210 1
211 2
212 1
213 1
214 2
215 3
216 2
217 2
218 1
219 2
220 2
221 2
222 2
223 0
224 3
225 1
226 2
227 2
228 1
229 3
230 2
231 1
232 1
233 2
234 1
235 0
236 0
237 0
238 1
239 3
240 3
241 1
242 4
243 5
244 2
245 4
246 1
247 5
248 2
249 1
250 1
251 0
252 2
253 2
254 0
255 4
256 2
257 2
258 1
259 1
260 3
261 2
262 4
263 3
264 1
265 3
266 3
267 1
268 2
269 1
270 4
271 3
272 1
273 1
274 3
275 2
276 1
277 2
278 3
279 0
280 1
281 0
282 0
283 1
284 1
285 1
286 1
287 0
288 2
289 1
290 4
291 1
292 1
293 1
294 1
295 4
296 0
297 1
298 1
299 1
300 1
301 1
302 4
303 1
304 0
305 1
306 1
307 4
308 2
309 0
310 0
311 3
312 1
313 1
314 2
315 0
316 0
317 3
318 2
319 3
320 5
321 1
322 1
323 2
324 1
325 2
326 0
327 2
328 2
329 1
330 0
331 0
332 1
333 2
334 0
335 1
336 1
337 0
338 3
339 2
340 3
341 2
342 2
343 3
344 1
345 2
346 3
347 2
348 3
349 2
350 3
351 2
352 1
353 0
354 2
355 4
356 1
357 5
358 3
359 1
360 2
361 1
362 1
363 4
364 1
365 3
366 1
367 2
368 3
369 1
370 3
371 1
372 2
373 3
374 2
375 3
376 1
377 1
378 1
379 1
380 2
381 2
382 2
383 2
384 1
385 1
386 1
387 2
388 1
389 1
390 3
391 0
392 1
393 2
394 0
395 1
396 1
397 3
398 1
399 3
400 2
401 0
402 3
403 3
404 1
405 3
406 1
407 2
408 2
409 0
410 4
411 0
412 1
413 1
414 0
415 1
416 2
417 1
418 1
419 1
420 1
421 1
422 3
423 1
424 2
425 3
426 0
427 3
428 3
429 3
430 3
431 0
432 1
433 1
434 1
435 5
436 1
437 4
438 3
439 1
440 0
441 3
442 1
443 0
444 0
445 2
446 3
447 1
448 1
449 2
450 0
451 1
452 1
453 1
454 2
455 2
456 2
457 2
458 1
459 0
460 1
461 2
462 3
463 2
464 4
465 3
466 3
467 1
468 2
469 6
470 3
471 1
472 1
473 2
474 1
475 1
476 2
477 0
478 2
479 0
480 2
481 0
482 0
483 2
484 3
485 0
486 2
487 2
488 3
489 2
490 1
491 1
492 2
493 1
494 0
495 0
496 0
497 1
498 1
499 1
500 0
501 3
502 2
503 2
504 1
505 2
506 2
507 1
508 5
509 2
510 2
511 2
512 1
513 0
514 3
515 4
516 2
517 2
518 5
519 1
520 1
521 4
522 2
523 3
524 2
525 3
526 0
527 1
528 3
529 1
530 5
531 3
532 5
533 2
534 2
535 1
536 3
537 0
538 5
539 0
540 0
541 1
542 2
543 0
544 1
545 0
546 3
547 0
548 0
549 0
550 2
551 2
552 1
553 3
554 1
555 0
556 4
557 2
558 1
559 3
560 1
561 3
562 1
563 5
564 0
565 3
566 5
567 4
568 0
569 5
570 0
571 1
572 3
573 2
574 2
575 1
576 1
577 5
578 3
579 1
580 6
581 1
582 5
583 2
584 1
585 2
586 1
587 2
588 2
589 2
590 3
591 1
592 2
593 2
594 1
595 2
596 0
597 3
598 2
599 3
600 0
601 0
602 2
603 1
604 1
605 2
606 1
607 2
608 1
609 0
610 0
611 2
612 1
613 0
614 2
615 1
616 0
617 3
618 3
619 3
620 0
621 3
622 0
623 3
624 2
625 3
626 1
627 2
628 3
629 3
630 2
631 1
632 0
633 1
634 1
635 1
636 2
637 3
638 2
639 0
640 0
641 1
642 6
643 2
644 1
645 5
646 2
647 2
648 2
649 4
650 2
651 2
652 1
653 3
654 3
655 2
656 3
657 1
658 1
659 3
660 3
661 2
662 0
663 1
664 3
665 0
666 3
667 1
668 2
669 3
670 2
671 0
672 1
673 0
674 1
675 2
676 1
677 1
678 3
679 2
680 1
681 2
682 0
683 2
684 3
685 3
686 3
687 0
688 2
689 1
690 2
691 2
692 1
693 2
694 1
695 0
696 4
697 2
698 3
699 1
700 0
701 3
702 1
703 2
704 1
705 2
706 2
707 2
708 2
709 5
710 0
711 2
712 1
713 1
714 1
715 2
716 3
717 1
718 4
719 1
720 0
721 5
722 0
723 3
724 2
725 2
726 2
727 0
728 1
729 2
730 2
731 3
732 2
733 1
734 2
735 2
736 1
737 7
738 3
739 3
740 2
741 2
742 0
743 2
744 3
745 4
746 2
747 0
748 2
749 2
750 1
751 1
752 4
753 0
754 4
755 0
756 1
757 2
758 3
759 2
760 1
761 1
762 1
763 3
764 3
765 1
766 1
767 1
768 3
769 2
770 2
771 1
772 2
773 3
774 1
775 1
776 1
777 1
778 3
779 4
780 0
781 1
782 2
783 5
784 1
785 1
786 1
787 3
788 1
789 3
790 0
791 2
792 0
793 1
794 1
795 3
796 1
797 0
798 4
799 3
800 1
801 4
802 3
803 3
804 3
805 1
806 1
807 1
808 3
809 6
810 3
811 3
812 2
813 1
814 2
815 5
816 3
817 2
818 2
819 0
820 3
821 0
822 1
823 3
824 3
825 3
826 3
827 2
828 2
829 0
830 0
831 3
832 3
833 2
834 3
835 1
836 1
837 3
838 2
839 0
840 2
841 2
842 2
843 2
844 2
845 2
846 1
847 1
848 3
849 4
850 0
851 0
852 1
853 2
854 4
855 1
856 1
857 1
858 2
859 1
860 0
861 2
862 2
863 1
864 5
865 2
866 0
867 3
868 1
869 2
870 1
871 3
872 3
873 2
874 2
875 5
876 3
877 0
878 1
879 1
880 1
881 1
882 2
883 3
884 4
885 0
886 2
887 1
888 2
889 2
890 3
891 2
892 4
893 1
894 1
895 0
896 3
897 2
898 1
899 3
900 2
901 2
902 2
903 3
904 1
905 3
906 3
907 3
908 2
909 2
910 2
911 2
912 1
913 0
914 3
915 4
916 3
917 1
918 3
919 3
920 1
921 2
922 0
923 2
924 2
925 6
926 4
927 1
928 1
929 2
930 0
931 1
932 2
933 1
934 2
935 2
936 0
937 0
938 1
939 3
940 2
941 3
942 1
943 1
944 1
945 1
946 3
947 2
948 4
949 0
950 1
951 2
952 1
953 2
954 1
955 1
956 1
957 1
958 4
959 1
960 2
961 3
962 1
963 3
964 1
965 1
966 2
967 1
968 1
969 0
970 5
971 0
972 2
973 2
974 2
975 4
976 2
977 0
978 3
979 1
980 0
981 2
982 0
983 3
984 2
985 0
986 1
987 3
988 2
989 1
990 4
991 0
992 4
993 3
994 0
995 3
996 1
997 3
998 2
999 3
1000 4
1001 2
1002 0
1003 4
1004 1
1005 2
1006 4
1007 2
1008 3
1009 3
1010 2
1011 2
1012 2
1013 2
1014 1
1015 3
1016 2
1017 1
1018 2
1019 0
1020 2
1021 3
1022 3
1023 1
1024 1
1025 1
1026 0
1027 5
1028 3
1029 3
1030 1
1031 2
1032 1
1033 1
1034 2
1035 4
1036 3
1037 1
1038 0
1039 0
1040 4
1041 4
1042 1
1043 2
1044 1
1045 1
1046 1
1047 4
1048 5
1049 2
1050 1
1051 3
1052 1
1053 1
1054 2
1055 1
1056 2
1057 1
1058 2
1059 2
1060 2
1061 0
1062 3
1063 5
1064 2
1065 2
1066 4
1067 0
1068 0
1069 2
1070 2
1071 1
1072 3
1073 3
1074 2
1075 2
1076 0
1077 6
1078 0
1079 1
1080 1
1081 6
1082 2
1083 3
1084 7
1085 2
1086 3
1087 0
1088 0
1089 2
1090 4
1091 0
1092 1
1093 0
1094 2
1095 1
1096 3
1097 2
1098 3
1099 1
1100 1
1101 5
1102 1
1103 1
1104 1
1105 2
1106 2
1107 3
1108 1
1109 1
1110 3
1111 1
1112 3
1113 4
1114 1
1115 2
1116 2
1117 2
1118 1
1119 2
1120 1
1121 1
1122 1
1123 3
1124 1
1125 4
1126 2
1127 1
1128 2
1129 2
1130 3
1131 2
1132 3
1133 1
1134 2
1135 3
1136 2
1137 0
1138 2
1139 1
1140 2
1141 1
1142 1
1143 1
1144 1
1145 3
1146 3
1147 4
1148 2
1149 1
1150 2
1151 2
1152 2
1153 1
1154 2
1155 1
1156 0
1157 1
1158 2
1159 1
1160 1
1161 1
1162 5
1163 1
1164 2
1165 2
1166 1
1167 1
1168 2
1169 1
1170 4
1171 1
1172 4
1173 2
1174 4
1175 0
1176 2
1177 2
1178 2
1179 2
1180 0
1181 1
1182 6
1183 2
1184 3
1185 3
1186 1
1187 2
1188 2
1189 2
1190 2
1191 4
1192 1
1193 1
1194 3
1195 2
1196 1
1197 4
1198 2
1199 2
1200 1
1201 2
1202 0
1203 2
1204 5
1205 3
1206 3
1207 1
1208 0
1209 1
1210 1
1211 1
1212 1
1213 1
1214 1
1215 1
1216 1
1217 3
1218 3
1219 2
1220 3
1221 0
1222 1
1223 6
1224 1
1225 0
1226 1
1227 1
1228 1
1229 0
1230 3
1231 2
1232 2
1233 3
1234 2
1235 5
1236 1
1237 0
1238 0
1239 0
1240 4
1241 1
1242 1
1243 2
1244 1
1245 1
1246 1
1247 1
1248 2
1249 4
1250 0
1251 1
1252 0
1253 2
1254 1
1255 5
1256 1
1257 0
1258 0
1259 6
1260 0
1261 2
1262 3
1263 0
1264 1
1265 2
1266 6
1267 4
1268 2
1269 2
1270 1
1271 1
1272 6
1273 1
1274 2
1275 1
1276 3
1277 2
1278 2
1279 3
1280 4
1281 2
1282 2
1283 0
1284 1
1285 2
1286 3
1287 1
1288 1
1289 2
1290 0
1291 6
1292 5
1293 3
1294 1
1295 1
1296 0
1297 0
1298 1
1299 2
1300 3
1301 3
1302 2
1303 3
1304 1
1305 1
1306 0
1307 3
1308 0
1309 1
1310 1
1311 3
1312 3
1313 3
1314 1
1315 3
1316 3
1317 0
1318 0
1319 1
1320 4
1321 1
1322 0
1323 3
1324 3
1325 4
1326 1
1327 0
1328 1
1329 0
1330 1
1331 0
1332 2
1333 2
1334 2
1335 3
1336 5
1337 1
1338 1
1339 2
1340 2
1341 4
1342 6
1343 1
1344 2
1345 1
1346 1
1347 4
1348 0
1349 2
1350 2
1351 2
1352 0
1353 2
1354 1
1355 3
1356 1
1357 2
1358 2
1359 2
1360 1
1361 1
1362 3
1363 1
1364 4
1365 0
1366 2
1367 1
1368 1
1369 1
1370 2
1371 3
1372 1
1373 2
1374 2
1375 4
1376 3
1377 3
1378 2
1379 0
1380 1
1381 4
1382 2
1383 3
1384 4
1385 0
1386 1
1387 2
1388 4
1389 0
1390 4
1391 3
1392 3
1393 3
1394 2
1395 1
1396 0
1397 4
1398 2
1399 5
1400 3
1401 2
1402 1
1403 0
1404 2
1405 1
1406 2
1407 2
1408 4
1409 1
1410 2
1411 2
1412 2
1413 1
1414 2
1415 4
1416 2
1417 3
1418 3
1419 1
1420 0
1421 2
1422 2
1423 6
1424 1
1425 0
1426 0
1427 3
1428 1
1429 1
1430 2
1431 2
1432 2
1433 0
1434 1
1435 0
1436 1
1437 4
1438 1
1439 3
1440 1
1441 0
1442 1
1443 1
1444 3
1445 3
1446 1
1447 2
1448 3
1449 3
1450 1
1451 2
1452 2
1453 3
1454 4
1455 1
1456 3
1457 0
1458 1
1459 5
1460 2
1461 2
1462 1
1463 1
1464 2
1465 1
1466 4
1467 5
1468 2
1469 1
1470 2
1471 2
1472 2
1473 2
1474 2
1475 3
1476 0
1477 4
1478 2
1479 3
1480 3
1481 1
1482 3
1483 1
1484 1
1485 2
1486 1
1487 3
1488 1
1489 1
1490 2
1491 2
1492 0
1493 2
1494 1
1495 0
1496 3
1497 0
1498 3
1499 4
1500 2
1501 2
1502 3
1503 4
1504 0
1505 2
1506 3
1507 2
1508 2
1509 5
1510 0
1511 2
1512 0
1513 2
1514 1
1515 0
1516 2
1517 1
1518 1
1519 2
1520 3
1521 2
1522 3
1523 0
1524 1
1525 0
1526 2
1527 4
1528 2
1529 2
1530 3
1531 3
1532 3
1533 0
1534 1
1535 2
1536 2
1537 3
1538 3
1539 1
1540 4
1541 2
1542 0
1543 2
1544 3
1545 1
1546 3
1547 3
1548 4
1549 3
1550 2
1551 2
1552 2
1553 3
1554 3
1555 3
1556 0
1557 2
1558 5
1559 2
1560 3
1561 0
1562 2
1563 2
1564 3
1565 2
1566 1
1567 2
1568 0
1569 2
1570 1
1571 6
1572 1
1573 2
1574 1
1575 1
1576 4
1577 2
1578 1
1579 3
1580 3
1581 2
1582 2
1583 3
1584 3
1585 2
1586 3
1587 1
1588 2
1589 3
1590 4
1591 2
1592 2
1593 1
1594 1
1595 0
1596 2
1597 0
1598 4
1599 2
1600 1
1601 3
1602 2
1603 2
1604 1
1605 0
1606 1
1607 1
1608 3
1609 0
1610 5
1611 3
1612 1
1613 5
1614 4
1615 1
1616 2
1617 3
1618 1
1619 2
1620 0
1621 2
1622 2
1623 4
1624 1
1625 0
1626 1
1627 0
1628 1
1629 4
1630 1
1631 2
1632 2
1633 1
1634 2
1635 0
1636 1
1637 2
1638 3
1639 0
1640 1
1641 1
1642 2
1643 1
1644 1
1645 1
1646 0
1647 0
1648 4
1649 1
1650 0
1651 2
1652 1
1653 2
1654 3
1655 1
1656 2
1657 4
1658 1
1659 2
1660 0
1661 2
1662 2
1663 2
1664 1
1665 0
1666 1
1667 1
1668 1
1669 0
1670 1
1671 3
1672 1
1673 2
1674 1
1675 0
1676 3
1677 1
1678 3
1679 2
1680 0
1681 1
1682 3
1683 2
1684 2
1685 0
1686 1
1687 2
1688 2
1689 2
1690 4
1691 1
1692 0
1693 1
1694 1
1695 2
1696 2
1697 0
1698 2
1699 2
1700 2
1701 1
1702 2
1703 0
1704 4
1705 1
1706 1
1707 2
1708 3
1709 0
1710 4
1711 2
1712 4
1713 3
1714 2
1715 0
1716 2
1717 3
1718 2
1719 1
1720 3
1721 0
1722 1
1723 3
1724 3
1725 0
1726 1
1727 3
1728 4
1729 3
1730 2
1731 1
1732 1
1733 2
1734 1
1735 2
1736 3
1737 2
1738 1
1739 2
1740 0
1741 5
1742 2
1743 1
1744 1
1745 3
1746 3
1747 1
1748 3
1749 4
1750 2
1751 1
1752 1
1753 0
1754 3
1755 3
1756 2
1757 3
1758 0
1759 1
1760 1
1761 3
1762 1
1763 2
1764 3
1765 1
1766 4
1767 2
1768 2
1769 0
1770 6
1771 3
1772 3
1773 2
1774 3
1775 4
1776 4
1777 2
1778 1
1779 2
1780 2
1781 1
1782 1
1783 1
1784 0
1785 1
1786 0
1787 1
1788 0
1789 0
1790 0
1791 3
1792 2
1793 4
1794 1
1795 1
1796 1
1797 1
1798 0
1799 4
1800 2
1801 5
1802 5
1803 0
1804 5
1805 0
1806 2
1807 0
1808 4
1809 3
1810 2
1811 2
1812 2
1813 1
1814 3
1815 0
1816 1
1817 3
1818 2
1819 0
1820 2
1821 2
1822 0
1823 2
1824 2
1825 1
1826 1
1827 1
1828 0
1829 1
1830 4
1831 1
1832 2
1833 2
1834 2
1835 3
1836 2
1837 0
1838 2
1839 0
1840 3
1841 2
1842 0
1843 2
1844 1
1845 4
1846 2
1847 2
1848 3
1849 1
1850 0
1851 2
1852 0
1853 3
1854 2
1855 1
1856 0
1857 2
1858 0
1859 1
1860 2
1861 2
1862 2
1863 4
1864 5
1865 0
1866 1
1867 2
1868 2
1869 2
1870 4
1871 4
1872 1
1873 3
1874 2
1875 3
1876 2
1877 5
1878 0
1879 1
1880 4
1881 1
1882 2
1883 0
1884 2
1885 1
1886 2
1887 4
1888 4
1889 3
1890 0
1891 1
1892 1
1893 3
1894 0
1895 3
1896 0
1897 1
1898 2
1899 2
1900 3
1901 2
1902 1
1903 2
1904 2
1905 1
1906 1
1907 4
1908 3
1909 2
1910 0
1911 1
1912 2
1913 2
1914 4
1915 3
1916 4
1917 2
1918 1
1919 1
1920 1
1921 3
1922 3
1923 2
1924 1
1925 1
1926 1
1927 2
1928 2
1929 1
1930 2
1931 1
1932 1
1933 1
1934 1
1935 0
1936 0
1937 4
1938 2
1939 0
1940 0
1941 1
1942 2
1943 2
1944 0
1945 0
1946 0
1947 1
1948 2
1949 1
1950 3
1951 0
1952 5
1953 1
1954 1
1955 5
1956 1
1957 2
1958 0
1959 2
1960 2
1961 1
1962 1
1963 1
1964 1
1965 1
1966 0
1967 3
1968 0
1969 2
1970 3
1971 0
1972 4
1973 1
1974 2
1975 1
1976 2
1977 0
1978 0
1979 4
1980 3
1981 2
1982 4
1983 1
1984 3
1985 3
1986 1
1987 2
1988 1
1989 1
1990 2
1991 4
1992 2
1993 4
1994 2
1995 0
1996 0
1997 3
1998 3
1999 3
2000 4
2001 2
2002 5
2003 1
2004 3
2005 1
2006 3
2007 4
2008 3
2009 2
2010 1
2011 1
2012 0
2013 2
2014 2
2015 3
2016 2
2017 0
2018 3
2019 1
2020 0
2021 1
2022 1
2023 3
2024 1
2025 4
2026 1
2027 2
2028 3
2029 2
2030 0
2031 2
2032 1
2033 2
2034 0
2035 2
2036 3
2037 2
2038 3
2039 2
2040 2
2041 2
2042 1
2043 2
2044 4
2045 3
2046 1
2047 0
2048 2
2049 1
2050 1
2051 2
2052 1
2053 0
2054 3
2055 1
2056 3
2057 1
2058 0
2059 1
2060 1
2061 1
2062 0
2063 2
2064 3
2065 3
2066 1
2067 0
2068 2
2069 0
2070 2
2071 1
2072 3
2073 1
2074 3
2075 4
2076 0
2077 1
2078 3
2079 0
2080 1
2081 5
2082 4
2083 2
2084 2
2085 2
2086 3
2087 2
2088 3
2089 0
2090 4
2091 3
2092 0
2093 0
2094 4
2095 3
2096 4
2097 2
2098 3
2099 1
2100 3
2101 3
2102 3
2103 2
2104 2
2105 3
2106 1
2107 2
2108 2
2109 1
2110 2
2111 2
2112 1
2113 1
2114 4
2115 1
2116 2
2117 2
2118 1
2119 1
2120 1
2121 0
2122 0
2123 3
2124 4
2125 0
2126 0
2127 1
2128 2
2129 2
2130 3
2131 2
2132 5
2133 0
2134 3
2135 2
2136 1
2137 2
2138 0
2139 1
2140 1
2141 2
2142 3
2143 1
2144 2
2145 1
2146 6
2147 1
2148 4
2149 2
2150 1
2151 0
2152 3
2153 1
2154 0
2155 1
2156 2
2157 6
2158 1
2159 0
2160 2
2161 4
2162 3
2163 4
2164 2
2165 2
2166 3
2167 2
2168 1
2169 0
2170 2
2171 1
2172 1
2173 0
2174 0
2175 2
2176 1
2177 1
2178 2
2179 0
2180 1
2181 1
2182 4
2183 2
2184 1
2185 1
2186 1
2187 1
2188 2
2189 0
2190 1
2191 2
2192 1
2193 1
2194 2
2195 1
2196 3
2197 1
2198 1
2199 1
2200 1
2201 4
2202 2
2203 4
2204 4
2205 0
2206 1
2207 4
2208 6
2209 3
2210 3
2211 3
2212 1
2213 2
2214 1
2215 1
2216 1
2217 4
2218 2
2219 5
2220 1
2221 4
2222 0
2223 1
2224 0
2225 0
2226 0
2227 2
2228 0
2229 1
2230 1
2231 0
2232 3
2233 2
2234 1
2235 1
2236 3
2237 2
2238 2
2239 1
2240 1
2241 1
2242 2
2243 2
2244 4
2245 0
2246 2
2247 2
2248 3
2249 0
2250 1
2251 1
2252 2
2253 4
2254 3
2255 3
2256 0
2257 0
2258 3
2259 0
2260 4
2261 1
2262 1
2263 3
2264 3
2265 5
2266 2
2267 3
2268 2
2269 3
2270 1
2271 1
2272 4
2273 0
2274 2
2275 5
2276 2
2277 1
2278 0
2279 2
2280 4
2281 1
2282 1
2283 2
2284 4
2285 2
2286 4
2287 3
2288 1
2289 2
2290 4
2291 2
2292 3
2293 3
2294 2
2295 1
2296 0
2297 2
2298 4
2299 0
2300 1
2301 3
2302 0
2303 3
2304 5
2305 4
2306 5
2307 2
2308 1
2309 0
2310 0
2311 3
2312 3
2313 0
2314 0
2315 3
2316 3
2317 1
2318 2
2319 1
2320 0
2321 0
2322 1
2323 2
2324 0
2325 5
2326 3
2327 1
2328 3
2329 1
2330 2
2331 8
2332 1
2333 1
2334 4
2335 4
2336 1
2337 3
2338 2
2339 2
2340 4
2341 5
2342 1
2343 2
2344 1
2345 1
2346 4
2347 3
2348 0
2349 2
2350 4
2351 1
2352 2
2353 2
2354 1
2355 4
2356 1
2357 3
2358 2
2359 1
2360 0
2361 1
2362 3
2363 3
2364 1
2365 0
2366 1
2367 3
2368 2
2369 3
2370 1
2371 2
2372 1
2373 2
2374 1
2375 0
2376 1
2377 3
2378 3
2379 0
2380 1
2381 4
2382 1
2383 2
2384 1
2385 4
2386 1
2387 2
2388 1
2389 3
2390 2
2391 1
2392 1
2393 1
2394 1
2395 1
2396 2
2397 5
2398 0
2399 1
2400 1
2401 2
2402 1
2403 0
2404 3
2405 1
2406 2
2407 0
2408 1
2409 1
2410 2
2411 1
2412 1
2413 1
2414 1
2415 2
2416 3
2417 0
2418 0
2419 1
2420 4
2421 1
2422 2
2423 3
2424 2
2425 0
2426 0
2427 1
2428 0
2429 2
2430 5
2431 5
2432 2
2433 5
2434 2
2435 3
2436 6
2437 4
2438 0
2439 0
2440 2
2441 0
2442 2
2443 2
2444 1
2445 1
2446 1
2447 3
2448 1
2449 3
2450 0
2451 2
2452 1
2453 2
2454 1
2455 2
2456 3
2457 2
2458 2
2459 2
2460 4
2461 5
2462 0
2463 2
2464 2
2465 3
2466 1
2467 2
2468 2
2469 1
2470 2
2471 1
2472 3
2473 2
2474 0
2475 2
2476 4
2477 2
2478 2
2479 4
2480 1
2481 1
2482 2
2483 4
2484 1
2485 2
2486 0
2487 2
2488 1
2489 3
2490 0
2491 1
2492 1
2493 2
2494 6
2495 2
2496 4
2497 3
2498 3
2499 1
2500 1
2501 2
2502 1
2503 1
2504 2
2505 2
2506 2
2507 0
2508 3
2509 1
2510 2
2511 2
2512 3
2513 2
2514 2
2515 3
2516 2
2517 3
2518 0
2519 2
2520 1
2521 1
2522 1
2523 0
2524 3
2525 2
2526 2
2527 2
2528 0
2529 1
2530 1
2531 3
2532 2
2533 2
2534 1
2535 3
2536 1
2537 2
2538 0
2539 3
2540 2
2541 3
2542 1
2543 2
2544 1
2545 1
2546 4
2547 1
2548 4
2549 2
2550 3
2551 4
2552 5
2553 2
2554 1
2555 4
2556 4
2557 0
2558 2
2559 1
2560 0
2561 3
2562 2
2563 2
2564 3
2565 1
2566 0
2567 2
2568 2
2569 6
2570 2
2571 1
2572 2
2573 4
2574 4
2575 2
2576 1
2577 2
2578 0
2579 2
2580 0
2581 1
2582 1
2583 3
2584 2
2585 2
2586 4
2587 2
2588 1
2589 2
2590 3
2591 0
2592 2
2593 2
2594 3
2595 1
2596 1
2597 1
2598 1
2599 2
2600 3
2601 2
2602 1
2603 1
2604 2
2605 3
2606 4
2607 3
2608 4
2609 1
2610 5
2611 1
2612 0
2613 3
2614 1
2615 1
2616 2
2617 0
2618 0
2619 1
2620 2
2621 4
2622 1
2623 3
2624 1
2625 3
2626 2
2627 2
2628 0
2629 0
2630 4
2631 2
2632 1
2633 1
2634 1
2635 4
2636 0
2637 1
2638 0
2639 1
2640 2
2641 6
2642 3
2643 2
2644 2
2645 0
2646 5
2647 2
2648 4
2649 1
2650 0
2651 1
2652 2
2653 1
2654 3
2655 0
2656 1
2657 1
2658 4
2659 1
2660 1
2661 4
2662 3
2663 2
2664 2
2665 4
2666 5
2667 2
2668 0
2669 2
2670 1
2671 1
2672 1
2673 2
2674 5
2675 3
2676 3
2677 1
2678 1
2679 1
2680 2
2681 3
2682 2
2683 2
2684 1
2685 3
2686 1
2687 1
2688 1
2689 1
2690 1
2691 1
2692 1
2693 3
2694 2
2695 2
2696 0
2697 4
2698 3
2699 0
2700 3
2701 0
2702 2
2703 3
2704 3
2705 3
2706 4
2707 0
2708 1
2709 2
2710 3
2711 0
2712 0
2713 1
2714 5
2715 3
2716 0
2717 3
2718 2
2719 2
2720 1
2721 1
2722 2
2723 1
2724 1
2725 7
2726 3
2727 2
2728 0
2729 4
2730 2
2731 2
2732 5
2733 2
2734 2
2735 4
2736 2
2737 4
2738 2
2739 2
2740 2
2741 1
2742 0
2743 3
2744 3
2745 2
2746 1
2747 2
2748 2
2749 2
2750 1
2751 4
2752 5
2753 2
2754 3
2755 1
2756 0
2757 3
2758 2
2759 1
2760 2
2761 3
2762 4
2763 4
2764 1
2765 3
2766 2
2767 2
2768 2
2769 2
2770 1
2771 2
2772 3
2773 2
2774 2
2775 2
2776 0
2777 2
2778 1
2779 0
2780 1
2781 1
2782 1
2783 1
2784 1
2785 0
2786 3
2787 3
2788 2
2789 0
2790 1
2791 5
2792 2
2793 3
2794 1
2795 2
2796 2
2797 1
2798 2
2799 5
2800 0
2801 1
2802 3
2803 3
2804 2
2805 1
2806 4
2807 2
2808 1
2809 3
2810 4
2811 3
2812 0
2813 1
2814 1
2815 4
2816 0
2817 3
2818 2
2819 1
2820 1
2821 2
2822 3
2823 3
2824 1
2825 1
2826 3
2827 1
2828 3
2829 0
2830 1
2831 2
2832 1
2833 2
2834 1
2835 2
2836 5
2837 2
2838 3
2839 4
2840 2
2841 5
2842 0
2843 5
2844 4
2845 0
2846 0
2847 1
2848 3
2849 2
2850 1
2851 1
2852 1
2853 4
2854 1
2855 0
2856 2
2857 1
2858 0
2859 1
2860 2
2861 1
2862 1
2863 4
2864 4
2865 0
2866 2
2867 5
2868 2
2869 2
2870 2
2871 5
2872 2
2873 2
2874 1
2875 1
2876 5
2877 0
2878 1
2879 1
2880 3
2881 2
2882 6
2883 2
2884 1
2885 2
2886 3
2887 1
2888 1
2889 0
2890 1
2891 2
2892 0
2893 2
2894 0
2895 4
2896 2
2897 3
2898 1
2899 0
2900 3
2901 2
2902 3
2903 2
2904 3
2905 2
2906 0
2907 1
2908 1
2909 1
2910 0
2911 1
2912 4
2913 3
2914 1
2915 0
2916 2
2917 0
2918 0
2919 3
2920 3
2921 4
2922 3
2923 2
2924 0
2925 3
2926 0
2927 1
2928 3
2929 1
2930 1
2931 1
2932 2
2933 2
2934 4
2935 3
2936 1
2937 0
2938 2
2939 1
2940 1
2941 1
2942 2
2943 1
2944 0
2945 3
2946 3
2947 2
2948 0
2949 2
2950 3
2951 1
2952 2
2953 2
2954 3
2955 1
2956 2
2957 2
2958 1
2959 2
2960 1
2961 3
2962 3
2963 5
2964 2
2965 1
2966 2
2967 1
2968 3
2969 2
2970 1
2971 1
2972 5
2973 1
2974 0
2975 1
2976 0
2977 4
2978 3
2979 1
2980 2
2981 3
2982 2
2983 2
2984 1
2985 2
2986 0
2987 1
2988 3
2989 2
2990 3
2991 2
2992 1
2993 2
2994 0
2995 2
2996 1
2997 4
2998 0
2999 1
3000 2
3001 0
3002 3
3003 1
3004 0
3005 2
3006 4
3007 4
3008 3
3009 3
3010 2
3011 1
3012 1
3013 4
3014 1
3015 2
3016 3
3017 2
3018 2
3019 1
3020 2
3021 1
3022 0
3023 1
3024 3
3025 2
3026 3
3027 1
3028 3
3029 2
3030 0
3031 4
3032 2
3033 4
3034 2
3035 2
3036 1
3037 1
3038 3
3039 1
3040 3
3041 1
3042 2
3043 0
3044 0
3045 2
3046 5
3047 5
3048 1
3049 1
3050 1
3051 2
3052 0
3053 2
3054 2
3055 1
3056 2
3057 3
3058 2
3059 4
3060 6
3061 0
3062 0
3063 0
3064 2
3065 3
3066 3
3067 1
3068 1
3069 2
3070 0
3071 4
3072 2
3073 3
3074 2
3075 1
3076 2
3077 0
3078 2
3079 0
3080 1
3081 0
3082 3
3083 1
3084 2
3085 0
3086 0
3087 1
3088 3
3089 2
3090 2
3091 6
3092 1
3093 3
3094 2
3095 2
3096 0
3097 4
3098 3
3099 3
3100 3
3101 1
3102 1
3103 3
3104 5
3105 2
3106 1
3107 0
3108 1
3109 0
3110 3
3111 1
3112 0
3113 0
3114 0
3115 5
3116 2
3117 2
3118 1
3119 2
3120 0
3121 1
3122 1
3123 3
3124 2
3125 2
3126 1
3127 3
3128 1
3129 4
3130 0
3131 1
3132 2
3133 2
3134 2
3135 1
3136 2
3137 3
3138 1
3139 3
3140 0
3141 2
3142 1
3143 1
3144 2
3145 1
3146 3
3147 1
3148 0
3149 4
3150 3
3151 4
3152 0
3153 0
3154 1
3155 2
3156 1
3157 0
3158 0
3159 0
3160 1
3161 2
3162 1
3163 1
3164 0
3165 1
3166 2
3167 1
3168 0
3169 3
3170 3
3171 0
3172 4
3173 1
3174 1
3175 1
3176 3
3177 2
3178 4
3179 2
3180 1
3181 3
3182 0
3183 3
3184 1
3185 2
3186 3
3187 2
3188 1
3189 0
3190 5
3191 1
3192 3
3193 1
3194 0
3195 4
3196 1
3197 1
3198 1
3199 0
3200 3
3201 3
3202 0
3203 4
3204 4
3205 2
3206 1
3207 1
3208 2
3209 1
3210 2
3211 2
3212 2
3213 2
3214 6
3215 1
3216 1
3217 1
3218 1
3219 2
3220 1
3221 2
3222 2
3223 2
3224 1
3225 1
3226 0
3227 2
3228 0
3229 1
3230 0
3231 2
3232 0
3233 2
3234 1
3235 2
3236 1
3237 3
3238 2
3239 2
3240 3
3241 1
3242 2
3243 3
3244 1
3245 1
3246 3
3247 1
3248 2
3249 1
3250 5
3251 0
3252 3
3253 1
3254 4
3255 2
3256 1
3257 3
3258 2
3259 1
3260 1
3261 0
3262 1
3263 4
3264 2
3265 0
3266 2
3267 2
3268 1
3269 3
3270 2
3271 1
3272 3
3273 0
3274 3
3275 1
3276 3
3277 0
3278 0
3279 3
3280 4
3281 1
3282 1
3283 2
3284 2
3285 2
3286 0
3287 1
3288 1
3289 3
3290 3
3291 3
3292 1
3293 2
3294 0
3295 2
3296 0
3297 3
3298 3
3299 2
3300 1
3301 3
3302 3
3303 5
3304 3
3305 2
3306 0
3307 2
3308 2
3309 2
3310 0
3311 3
3312 0
3313 1
3314 4
3315 3
3316 1
3317 2
3318 3
3319 3
3320 2
3321 0
3322 2
3323 1
3324 1
3325 3
3326 1
3327 3
3328 2
3329 1
3330 5
3331 2
3332 2
3333 0
3334 2
3335 7
3336 0
3337 2
3338 1
3339 1
3340 1
3341 1
3342 2
3343 1
3344 1
3345 3
3346 0
3347 2
3348 1
3349 0
3350 3
3351 1
3352 1
3353 0
3354 2
3355 1
3356 1
3357 3
3358 3
3359 1
3360 2
3361 3
3362 5
3363 1
3364 2
3365 6
3366 5
3367 0
3368 2
3369 4
3370 3
3371 1
3372 1
3373 0
3374 1
3375 2
3376 2
3377 2
3378 4
3379 6
3380 2
3381 3
3382 6
3383 0
3384 5
3385 1
3386 1
3387 5
3388 1
3389 1
3390 2
3391 0
3392 4
3393 1
3394 1
3395 2
3396 1
3397 4
3398 1
3399 5
3400 1
3401 3
3402 0
3403 2
3404 1
3405 0
3406 2
3407 1
3408 0
3409 4
3410 0
3411 3
3412 1
3413 3
3414 1
3415 2
3416 2
3417 2
3418 2
3419 2
3420 1
3421 0
3422 1
3423 3
3424 2
3425 4
3426 1
3427 3
3428 2
3429 2
3430 0
3431 1
3432 1
3433 0
3434 0
3435 2
3436 4
3437 2
3438 3
3439 2
3440 1
3441 3
3442 2
3443 4
3444 0
3445 2
3446 1
3447 2
3448 2
3449 2
3450 0
3451 1
3452 0
3453 2
3454 2
3455 4
3456 4
3457 3
3458 2
3459 0
3460 3
3461 6
3462 0
3463 2
3464 2
3465 0
3466 0
3467 2
3468 3
3469 0
3470 2
3471 2
3472 1
3473 1
3474 2
3475 1
3476 2
3477 1
3478 2
3479 1
3480 1
3481 0
3482 0
3483 3
3484 1
3485 1
3486 1
3487 0
3488 4
3489 5
3490 3
3491 1
3492 0
3493 2
3494 0
3495 2
3496 0
3497 0
3498 1
3499 4
3500 2
3501 2
3502 2
3503 3
3504 4
3505 2
3506 2
3507 0
3508 0
3509 4
3510 1
3511 2
3512 4
3513 2
3514 1
3515 4
3516 4
3517 5
3518 0
3519 3
3520 2
3521 4
3522 2
3523 2
3524 5
3525 1
3526 2
3527 0
3528 2
3529 1
3530 3
3531 3
3532 4
3533 3
3534 2
3535 1
3536 2
3537 3
3538 1
3539 2
3540 3
3541 1
3542 1
3543 4
3544 5
3545 3
3546 2
3547 3
3548 2
3549 3
3550 5
3551 3
3552 4
3553 2
3554 1
3555 0
3556 2
3557 5
3558 2
3559 3
3560 2
3561 4
3562 2
3563 1
3564 0
3565 5
3566 2
3567 1
3568 0
3569 3
3570 2
3571 1
3572 1
3573 2
3574 0
3575 1
3576 1
3577 3
3578 1
3579 0
3580 3
3581 3
3582 1
3583 3
3584 1
3585 4
3586 2
3587 0
3588 1
3589 2
3590 1
3591 1
3592 4
3593 3
3594 1
3595 0
3596 3
3597 1
3598 4
3599 5
3600 2
3601 2
3602 4
3603 1
3604 1
3605 4
3606 1
3607 3
3608 1
3609 2
3610 0
3611 2
3612 5
3613 1
3614 0
3615 1
3616 3
3617 2
3618 1
3619 1
3620 2
3621 0
3622 0
3623 1
3624 2
3625 3
3626 1
3627 4
3628 1
3629 1
3630 0
3631 1
3632 0
3633 3
3634 2
3635 2
3636 0
3637 1
3638 2
3639 2
3640 2
3641 2
3642 1
3643 3
3644 1
3645 2
3646 2
3647 0
3648 4
3649 3
3650 1
3651 2
3652 1
3653 1
3654 1
3655 3
3656 0
3657 1
3658 4
3659 2
3660 0
3661 2
3662 3
3663 4
3664 1
3665 3
3666 1
3667 4
3668 1
3669 4
3670 3
3671 0
3672 3
3673 2
3674 2
3675 2
3676 0
3677 2
3678 4
3679 2
3680 1
3681 1
3682 3
3683 3
3684 2
3685 4
3686 1
3687 4
3688 1
3689 1
3690 4
3691 1
3692 2
3693 1
3694 4
3695 0
3696 2
3697 0
3698 1
3699 2
3700 3
3701 4
3702 4
3703 2
3704 1
3705 3
3706 7
3707 1
3708 1
3709 1
3710 2
3711 2
3712 4
3713 3
3714 1
3715 3
3716 3
3717 4
3718 2
3719 1
3720 4
3721 1
3722 2
3723 2
3724 0
3725 1
3726 1
3727 0
3728 0
3729 2
3730 2
3731 2
3732 1
3733 1
3734 4
3735 2
3736 0
3737 1
3738 2
3739 0
3740 2
3741 3
3742 0
3743 3
3744 0
3745 1
3746 4
3747 2
3748 3
3749 3
3750 1
3751 2
3752 0
3753 3
3754 3
3755 1
3756 2
3757 4
3758 0
3759 1
3760 1
3761 2
3762 1
3763 3
3764 1
3765 2
3766 2
3767 2
3768 3
3769 2
3770 2
3771 2
3772 1
3773 0
3774 3
3775 1
3776 1
3777 1
3778 0
3779 2
3780 1
3781 2
3782 1
3783 3
3784 1
3785 2
3786 2
3787 1
3788 2
3789 3
3790 1
3791 1
3792 1
3793 1
3794 0
3795 1
3796 1
3797 1
3798 0
3799 5
3800 0
3801 0
3802 3
3803 2
3804 0
3805 1
3806 0
3807 0
3808 2
3809 2
3810 2
3811 4
3812 1
3813 2
3814 1
3815 0
3816 0
3817 1
3818 0
3819 2
3820 1
3821 0
3822 3
3823 0
3824 3
3825 4
3826 2
3827 1
3828 1
3829 1
3830 0
3831 2
3832 3
3833 3
3834 2
3835 1
3836 3
3837 2
3838 4
3839 1
3840 1
3841 1
3842 2
3843 2
3844 3
3845 2
3846 2
3847 2
3848 2
3849 2
3850 3
3851 1
3852 0
3853 2
3854 1
3855 1
3856 1
3857 2
3858 1
3859 0
3860 1
3861 1
3862 1
3863 2
3864 0
3865 1
3866 0
3867 3
3868 2
3869 0
3870 1
3871 0
3872 3
3873 1
3874 0
3875 3
3876 4
3877 2
3878 3
3879 2
3880 1
3881 2
3882 0
3883 2
3884 2
3885 1
3886 1
3887 1
3888 1
3889 1
3890 1
3891 3
3892 0
3893 0
3894 1
3895 2
3896 2
3897 0
3898 4
3899 0
3900 5
3901 0
3902 2
3903 0
3904 1
3905 1
3906 2
3907 2
3908 4
3909 2
3910 1
3911 1
3912 0
3913 0
3914 3
3915 1
3916 5
3917 2
3918 2
3919 3
3920 4
3921 3
3922 3
3923 2
3924 3
3925 2
3926 4
3927 1
3928 2
3929 2
3930 3
3931 4
3932 1
3933 4
3934 4
3935 0
3936 2
3937 1
3938 0
3939 1
3940 3
3941 2
3942 0
3943 3
3944 1
3945 2
3946 2
3947 4
3948 0
3949 2
3950 1
3951 4
3952 1
3953 3
3954 1
3955 4
3956 2
3957 1
3958 2
3959 3
3960 1
3961 0
3962 0
3963 3
3964 2
3965 1
3966 2
3967 2
3968 3
3969 0
3970 0
3971 2
3972 3
3973 2
3974 2
3975 1
3976 0
3977 4
3978 0
3979 0
3980 3
3981 1
3982 1
3983 3
3984 2
3985 5
3986 5
3987 0
3988 1
3989 2
3990 1
3991 1
3992 0
3993 2
3994 2
3995 0
3996 4
3997 2
3998 2
3999 2
4000 1
