0 17
1 16
2 13
3 21
4 13
5 16
6 19
7 17
8 21
9 18
10 23
11 23
12 35
13 25
14 31
15 31
16 21
17 24
18 27
19 34
20 33
21 35
22 27
23 29
24 32
25 37
26 26
27 31
28 37
29 28
30 35
31 20
32 24
33 18
34 27
35 33
36 23
37 28
38 24
39 20
40 35
41 15
42 17
43 19
44 21
45 20
46 15
47 15
48 8
49 11
50 12
51 9
52 19
53 14
54 7
55 8
56 6
57 6
58 6
59 10
60 8
61 7
62 6
63 5
64 10
65 6
66 2
67 6
68 3
69 2
70 6
71 7
72 3
73 5
74 5
75 3
76 7
77 6
78 6
79 5
80 7
81 2
82 2
83 4
84 3
85 7
86 4
87 7
88 4
89 4
90 6
91 4
92 3
93 6
94 2
95 6
96 6
97 9
98 12
99 16
100 17
101 19
102 16
103 10
104 20
105 23
106 21
107 20
108 23
109 26
110 25
111 23
112 27
113 20
114 24
115 30
116 27
117 19
118 24
119 21
120 28
121 24
122 27
123 24
124 31
125 32
126 19
127 30
128 25
129 28
130 38
131 31
132 40
133 27
134 27
135 28
136 24
137 18
138 35
139 23
140 40
141 24
142 37
143 22
144 19
145 21
146 24
147 22
148 23
149 24
150 31
151 33
152 25
153 24
154 22
155 27
156 18
157 14
158 17
159 16
160 13
161 10
162 10
163 11
164 6
165 10
166 5
167 3
168 10
169 4
170 3
171 2
172 5
173 4
174 4
175 5
176 10
177 2
178 1
179 0
180 7
181 7
182 3
183 4
184 3
185 2
186 5
187 3
188 6
189 11
190 3
191 6
192 2
193 3
194 5
195 8
196 8
197 10
198 5
199 8
200 3
201 8
202 8
203 8
204 7
205 9
206 10
207 16
208 10
209 16
210 17
211 13
212 5
213 20
214 15
215 17
216 17
217 15
218 17
219 20
220 26
221 22
222 13
223 18
224 21
225 21
226 22
227 28
228 20
229 24
230 23
231 27
232 26
233 27
234 27
235 29
236 20
237 34
238 27
239 23
240 29
241 29
242 24
243 27
244 15
245 25
246 25
247 21
248 31
249 18
250 26
251 19
252 17
253 28
254 20
255 15
256 16
257 20
258 17
259 5
260 18
261 16
262 10
263 5
264 9
265 9
266 6
267 4
268 4
269 8
270 0
271 3
272 3
273 3
274 6
275 5
276 4
277 2
278 2
279 3
280 6
281 2
282 2
283 3
284 1
285 4
286 1
287 2
288 4
289 7
290 2
291 2
292 2
293 5
294 3
295 4
296 5
297 5
298 1
299 4
300 4
301 9
302 7
303 4
304 7
305 8
306 9
307 10
308 11
309 7
310 9
311 10
312 11
313 18
314 14
315 13
316 18
317 17
318 17
319 20
320 22
321 17
322 19
323 15
324 21
325 22
326 17
327 20
328 24
329 16
330 29
331 29
332 19
333 22
334 22
335 25
336 22
337 31
338 20
339 25
340 17
341 18
342 18
343 23
344 24
345 17
346 20
347 23
348 21
349 12
350 19
351 26
352 21
353 21
354 12
355 21
356 16
357 12
358 12
359 18
360 10
361 13
362 11
363 13
364 9
365 9
366 7
367 13
368 13
369 7
370 11
371 9
372 6
373 4
374 3
375 4
376 6
377 1
378 5
379 3
380 6
381 7
382 9
383 4
384 3
385 1
386 3
387 5
388 5
389 5
390 3
391 3
392 1
393 2
394 5
395 5
396 2
397 2
398 8
399 5
400 3
401 9
402 7
403 6
404 11
405 8
406 10
407 5
408 11
409 6
410 15
411 14
412 19
413 8
414 19
415 15
416 26
417 19
418 22
419 12
420 24
421 18
422 30
423 20
424 29
425 28
426 32
427 29
428 25
429 24
430 22
431 27
432 30
433 19
434 28
435 27
436 26
437 33
438 18
439 25
440 39
441 21
442 35
443 32
444 29
445 17
446 24
447 25
448 21
449 21
450 24
451 22
452 19
453 22
454 29
455 12
456 22
457 11
458 18
459 11
460 14
461 11
462 13
463 8
464 8
465 7
466 15
467 13
468 11
469 11
470 6
471 11
472 10
473 6
474 5
475 8
476 11
477 7
478 5
479 0
480 3
481 4
482 3
483 5
484 3
485 3
486 4
487 1
488 3
489 3
490 5
491 2
492 2
493 2
494 2
495 4
496 1
497 3
498 4
499 3
500 3
501 1
502 3
503 4
504 6
505 8
506 5
507 7
508 4
509 11
510 8
511 7
512 13
513 12
514 7
515 11
516 14
